63878.718
128 117 153
61 74 77
176 149 146
189 57 7
78 180 120
45 193 87
185 171 121
123 37 96
172 68 142
188 29 191
55 169 9
134 147 65
114 127 43
196 121 122
197 50 68
105 25 38
175 9 62
161 143 139
157 40 82
196 148 46
101 69 96
100 150 192
142 26 189
30 54 98
144 19 9
66 136 180
16 16 93
99 182 147
180 161 12
160 175 138
39 20 93
124 148 32
140 134 70
16 133 40
61 139 62
9 161 150
6 127 148
60 158 177
92 2 54
31 33 137
197 119 75
145 13 100
93 17 22
174 100 15
113 30 133
115 103 188
54 32 125
43 143 101
190 27 88
159 5 163
197 164 162
71 112 54
108 27 192
49 4 64
116 34 142
86 48 190
38 128 183
43 140 49
36 188 96
20 87 100
60 125 189
6 53 158
90 168 94
141 150 55
55 61 113
184 87 197
180 114 70
44 196 59
192 156 3
172 138 78
42 104 176
90 165 138
148 94 57
132 21 4
12 81 41
3 95 37
156 85 100
198 123 145
123 39 125
193 78 31
144 151 152
123 92 128
23 151 110
124 15 132
129 12 181
21 164 111
156 149 142
17 188 159
51 53 33
163 152 180
89 188 169
96 80 2
174 151 53
60 165 57
117 8 66
11 153 123
67 174 153
131 182 36
11 140 139
167 66 23
193 31 92
175 71 4
189 153 25
184 109 53
71 21 9
45 4 24
9 168 119
147 86 193
179 85 73
60 7 154
145 147 112
104 100 118
59 83 115
14 85 75
73 28 53
127 36 84
89 83 155
177 114 124
129 80 24
151 74 149
68 64 34
195 28 113
189 89 133
199 42 53
111 9 64
191 102 79
107 15 155
87 146 85
61 130 189
63 190 79
106 59 21
156 147 181
84 35 163
95 186 58
71 165 86
142 80 115
77 106 155
135 1 101
20 174 139
16 36 199
85 2 117
161 154 97
97 106 0
44 135 134
190 51 97
110 53 148
37 24 41
87 137 116
155 76 116
105 148 115
161 109 185
33 68 167
134 60 42
155 86 5
107 58 112
24 57 42
198 169 156
46 57 12
177 113 3
166 60 111
0 12 6
95 136 64
193 127 5
194 39 159
22 2 3
79 118 137
22 159 102
29 158 66
18 177 75
58 155 18
41 152 90
138 144 16
162 136 73
110 81 4
194 63 36
92 171 16
117 66 0
144 112 129
17 199 124
37 133 122
5 6 14
87 175 23
140 18 3
41 147 49
96 75 116
147 25 49
156 95 25
68 96 176
103 37 44
38 168 52
90 122 83
30 196 106
177 35 158
192 149 57
114 93 197
143 38 176
8 40 83
116 154 104
157 113 103
142 90 20
95 19 161
54 4 172
171 124 195
98 120 191
82 74 88
13 6 136
56 83 84
112 148 61
55 79 54
99 88 159
2 123 43
129 18 17
181 8 18
175 150 74
174 32 8
47 142 5
137 93 149
96 69 70
138 10 185
182 162 160
155 181 144
193 64 107
183 114 75
86 115 7
116 54 85
115 199 196
6 140 186
43 198 63
177 132 43
41 140 80
134 61 16
171 105 37
111 0 116
89 168 84
68 62 100
23 17 192
187 193 188
143 77 135
5 148 143
59 157 11
93 72 6
100 146 170
155 69 68
95 190 5
1 83 117
43 149 193
177 149 90
184 58 158
12 23 100
42 62 129
167 59 51
147 81 167
16 104 177
62 152 145
83 83 86
164 165 117
47 91 87
59 20 162
180 40 98
97 28 16
41 154 84
9 54 31
36 151 45
123 39 165
169 29 45
91 139 13
184 10 140
20 175 62
80 98 14
199 94 113
199 120 164
101 103 115
148 54 44
34 75 23
84 46 162
27 182 8
80 119 151
125 116 131
198 128 167
166 97 175
64 161 9
40 64 7
87 138 192
151 35 167
77 4 155
141 121 160
100 167 122
7 116 170
117 35 172
175 37 4
28 50 175
152 187 63
162 46 198
53 38 108
32 20 107
83 111 9
80 82 28
5 198 142
161 31 118
22 117 111
114 181 163
164 83 109
32 156 34
62 188 133
43 175 172
41 119 130
4 100 45
14 98 196
108 198 81
6 141 23
94 62 45
119 169 22
49 133 21
83 80 67
24 165 102
189 49 93
53 17 85
30 85 160
27 188 23
34 67 42
32 195 65
174 146 47
25 92 17
42 111 31
26 47 100
106 28 3
123 149 124
10 42 148
82 125 170
91 4 158
82 59 61
8 199 0
164 190 43
1 0 33
37 183 18
58 199 122
9 168 26
2 71 146
143 198 162
185 195 65
178 59 96
137 60 23
6 163 113
179 45 173
147 116 43
168 4 70
68 47 48
81 158 136
186 198 171
43 33 20
193 179 69
83 94 72
180 117 7
144 67 135
44 6 75
86 167 30
12 21 184
115 4 189
84 45 118
65 198 126
82 100 182
82 52 106
87 78 197
25 77 195
154 163 8
91 144 58
86 129 90
86 31 44
4 37 22
105 159 108
82 101 198
40 5 63
143 196 100
162 169 161
186 6 130
160 48 117
16 128 22
102 190 120
117 182 186
155 100 90
188 67 157
148 141 140
84 3 30
138 39 143
120 47 77
122 8 156
34 16 90
27 0 135
125 45 106
34 135 30
175 38 126
55 140 45
142 195 169
173 149 161
67 120 117
92 80 184
77 189 79
136 129 97
72 88 197
170 186 172
173 148 182
65 105 196
76 158 184
143 164 195
54 91 36
64 86 24
188 121 142
91 88 166
177 142 170
8 97 46
17 109 39
142 149 60
112 50 34
114 102 12
82 88 79
179 92 163
46 164 179
198 27 46
197 7 188
180 5 184
195 81 153
126 146 163
53 188 85
24 188 41
166 104 161
138 0 89
151 193 164
113 173 41
113 18 109
160 190 186
179 145 126
64 45 113
17 188 6
51 54 166
35 105 167
58 103 155
17 45 188
7 10 129
96 105 87
86 89 131
111 106 80
147 189 130
90 114 63
27 11 100
135 199 164
84 125 185
25 110 132
51 151 191
173 133 162
180 2 31
75 18 198
57 124 152
0 93 61
175 56 100
59 152 105
71 175 55
104 177 37
166 135 10
72 130 1
1 84 23
101 146 158
170 61 110
45 66 25
53 178 184
164 78 160
3 196 119
29 0 71
38 33 103
82 167 145
122 100 93
15 158 67
27 1 15
84 89 132
190 8 126
8 7 94
86 63 22
105 124 147
199 8 1
139 159 46
81 141 182
59 185 28
167 64 72
141 137 34
118 187 153
120 41 54
185 95 30
24 126 34
66 148 32
100 173 180
51 126 176
164 25 103
18 37 88
170 198 160
85 150 157
148 146 128
8 53 78
108 132 65
164 77 40
117 166 27
49 194 79
128 117 153
