5953.727
40 65 84
16 57 50
26 38 4
42 112 142
193 109 194
17 168 80
45 124 139
87 121 91
110 59 32
77 49 26
37 191 136
179 135 4
172 36 70
180 136 59
142 100 121
58 13 64
40 107 4
147 164 8
153 158 36
168 194 90
49 2 159
140 95 195
13 106 171
6 60 144
54 108 52
41 114 171
79 8 171
166 126 47
101 41 143
22 64 127
192 106 121
34 94 93
40 190 128
46 149 151
118 34 1
33 18 76
55 27 13
80 128 59
23 67 40
10 160 141
7 171 116
15 82 152
137 43 9
81 102 17
11 81 53
11 53 45
100 135 190
174 146 47
13 181 143
155 182 172
40 65 84
