64367.061
186 6 130
164 165 117
107 58 112
170 186 172
80 119 151
44 196 59
82 100 182
166 60 111
175 150 74
112 50 34
199 94 113
87 175 23
16 16 93
184 87 197
167 66 23
55 79 54
84 35 163
60 158 177
141 150 55
9 161 150
3 196 119
188 67 157
58 155 18
41 152 90
6 140 186
6 127 148
123 92 128
108 27 192
53 178 184
160 190 186
174 151 53
114 127 43
90 168 94
54 32 125
18 37 88
180 40 98
161 31 118
132 21 4
162 136 73
157 40 82
135 1 101
49 133 21
125 45 106
147 86 193
193 179 69
51 54 166
3 95 37
23 151 110
68 96 176
186 198 171
157 113 103
193 78 31
179 92 163
11 140 139
27 11 100
111 9 64
20 87 100
148 141 140
189 153 25
197 164 162
131 182 36
87 78 197
55 61 113
172 138 78
49 4 64
17 109 39
87 146 85
82 52 106
33 68 167
116 34 142
161 143 139
17 188 159
151 74 149
60 125 189
79 118 137
96 80 2
37 24 41
107 15 155
117 8 66
61 130 189
116 54 85
34 75 23
104 100 118
90 122 83
163 152 180
51 53 33
73 28 53
144 151 152
61 139 62
122 100 93
184 109 53
194 39 159
175 71 4
21 164 111
189 89 133
14 85 75
180 161 12
124 15 132
156 149 142
180 114 70
66 136 180
67 174 153
106 59 21
161 154 97
198 128 167
95 19 161
129 80 24
129 12 181
147 25 49
54 4 172
190 51 97
89 188 169
37 133 122
193 31 92
197 119 75
12 21 184
197 50 68
192 156 3
45 66 25
156 147 181
51 151 191
199 42 53
0 12 6
82 74 88
17 199 124
60 7 154
177 114 124
190 27 88
46 57 12
71 21 9
60 165 57
179 85 73
77 106 155
89 83 155
142 80 115
65 105 196
195 28 113
192 149 57
156 95 25
193 127 5
112 148 61
42 104 176
145 147 112
30 196 106
142 90 20
24 57 42
63 190 79
161 109 185
198 123 145
11 153 123
127 36 84
191 102 79
134 60 42
105 25 38
114 93 197
16 36 199
59 83 115
115 103 188
68 64 34
177 113 3
95 136 64
84 125 185
36 188 96
43 198 63
71 165 86
198 169 156
96 75 116
144 19 9
175 9 62
22 159 102
128 117 153
29 158 66
99 182 147
43 143 101
87 137 116
110 81 4
155 76 116
123 39 165
160 175 138
155 86 5
45 4 24
117 182 186
99 88 159
38 168 52
8 40 83
123 37 96
155 69 68
111 0 116
92 171 16
59 157 11
5 6 14
80 98 14
129 18 17
64 161 9
22 2 3
47 142 5
84 46 162
144 112 129
185 171 121
2 123 43
41 154 84
16 104 177
30 54 98
9 168 119
95 186 58
18 177 75
36 151 45
9 54 31
182 162 160
113 30 133
194 63 36
155 181 144
41 147 49
148 94 57
183 114 75
56 83 84
103 37 44
53 17 85
143 38 176
138 10 185
12 23 100
147 81 167
86 115 7
134 61 16
13 6 136
17 188 6
55 169 9
14 98 196
181 8 18
116 154 104
71 112 54
193 64 107
137 93 149
151 193 164
97 106 0
143 77 135
32 20 107
5 148 143
44 135 134
177 149 90
171 105 37
5 198 142
101 103 115
34 67 42
62 188 133
105 148 115
184 58 158
117 66 0
91 139 13
115 199 196
95 190 5
176 149 146
110 53 148
166 97 175
89 168 84
23 17 192
96 69 70
174 146 47
47 91 87
140 18 3
80 82 28
138 144 16
87 138 192
184 10 140
171 124 195
62 152 145
177 35 158
59 20 162
141 121 160
43 175 172
1 83 117
151 35 167
6 53 158
6 141 23
162 46 198
189 49 93
45 193 87
27 182 8
177 132 43
100 146 170
41 140 80
167 59 51
43 149 193
97 28 16
148 54 44
187 193 188
93 72 6
9 168 26
100 167 122
100 150 192
143 198 162
42 62 129
117 35 172
35 105 167
199 120 164
41 119 130
68 62 100
93 17 22
179 45 173
22 117 111
20 175 62
169 29 45
32 156 34
83 83 86
43 140 49
44 6 75
26 47 100
174 32 8
125 116 131
175 37 4
77 4 155
156 85 100
83 80 67
7 116 170
86 31 44
82 125 170
53 38 108
6 163 113
32 195 65
172 68 142
39 20 93
40 5 63
58 199 122
40 64 7
123 149 124
137 60 23
119 169 22
106 28 3
24 165 102
4 100 45
92 2 54
27 0 135
82 59 61
8 199 0
37 183 18
198 27 46
173 148 182
160 48 117
68 47 48
90 165 138
10 42 148
86 129 90
152 187 63
164 190 43
145 13 100
108 198 81
98 120 191
144 67 135
27 188 23
1 0 33
91 144 58
53 188 85
4 37 22
94 62 45
134 147 65
164 83 109
196 148 46
120 47 77
188 29 191
43 33 20
42 111 31
25 92 17
2 71 146
168 4 70
122 8 156
155 100 90
65 198 126
28 50 175
25 77 195
84 45 118
175 38 126
91 4 158
55 140 45
81 158 136
124 148 32
83 111 9
147 116 43
162 169 161
143 196 100
174 100 15
114 181 163
67 120 117
154 163 8
16 128 22
196 121 122
8 97 46
20 174 139
188 121 142
86 48 190
76 158 184
173 149 161
189 57 7
59 185 28
113 173 41
136 129 97
86 167 30
16 133 40
34 16 90
84 3 30
115 4 189
30 85 160
147 189 130
142 195 169
72 88 197
91 88 166
114 102 12
180 117 7
77 189 79
78 180 120
123 39 125
102 190 120
83 94 72
92 80 184
57 124 152
167 64 72
105 159 108
66 148 32
54 91 36
159 5 163
82 101 198
113 18 109
142 26 189
27 1 15
143 164 195
101 69 96
34 135 30
195 81 153
7 10 129
126 146 163
101 146 158
138 39 143
179 145 126
85 2 117
185 195 65
59 152 105
180 5 184
86 89 131
84 89 132
96 105 87
64 86 24
111 106 80
180 2 31
0 93 61
29 0 71
17 45 188
75 18 198
38 33 103
1 84 23
71 175 55
140 134 70
15 158 67
100 173 180
82 88 79
139 159 46
199 8 1
178 59 96
46 164 179
86 63 22
164 78 160
190 8 126
25 110 132
142 149 60
141 137 34
175 56 100
166 135 10
72 130 1
82 167 145
177 142 170
58 103 155
31 33 137
164 25 103
197 7 188
64 45 113
138 0 89
135 199 164
81 141 182
118 187 153
90 114 63
12 81 41
104 177 37
24 188 41
85 150 157
166 104 161
148 146 128
170 61 110
185 95 30
38 128 183
51 126 176
49 194 79
164 77 40
61 74 77
108 132 65
117 166 27
105 124 147
170 198 160
120 41 54
173 133 162
8 7 94
24 126 34
8 53 78
186 6 130
