11676.472
102 34 179
138 118 177
156 64 152
5 183 107
41 33 46
50 131 118
103 82 116
89 92 159
17 188 172
116 78 122
92 99 170
103 164 80
153 33 189
104 68 125
188 101 191
169 18 131
62 63 134
56 164 22
152 18 108
156 183 138
157 156 17
162 181 5
12 119 45
114 143 127
68 149 152
119 48 4
113 45 74
193 22 75
100 56 196
131 3 136
195 94 184
48 83 89
44 186 114
1 111 95
106 97 117
65 115 155
88 22 83
59 15 57
92 117 168
86 160 109
16 79 26
132 135 115
170 11 156
62 70 178
56 119 104
24 195 16
7 106 124
18 187 148
146 165 88
182 157 84
178 186 176
27 179 127
96 55 146
85 68 143
69 180 69
24 165 88
170 57 173
40 58 121
132 154 97
15 93 84
122 70 21
162 21 23
85 197 90
12 149 60
69 145 194
27 198 179
111 65 116
46 135 88
127 17 172
157 186 53
166 182 25
82 188 65
53 142 192
82 169 152
72 193 128
72 176 16
41 190 185
121 64 171
77 157 199
17 19 175
77 157 47
104 83 24
54 145 125
42 27 126
51 45 17
112 48 20
53 196 44
45 178 76
46 167 44
43 189 145
198 114 148
135 96 72
50 30 186
146 4 2
116 116 81
153 85 31
196 101 19
165 92 13
146 57 131
177 159 19
102 34 179
