12647.176
15 196 107
98 158 108
184 106 140
170 162 126
185 89 16
143 164 1
60 170 20
50 34 49
10 75 9
5 195 166
47 196 196
35 72 152
84 140 28
67 163 166
171 78 83
40 63 77
36 99 27
33 49 160
89 171 148
144 134 37
101 60 157
113 184 98
198 191 132
112 28 144
125 68 37
114 163 95
52 193 182
171 108 15
97 185 56
85 131 112
178 87 199
113 0 185
192 9 164
37 84 181
79 105 53
71 19 130
86 91 182
114 24 169
14 1 117
23 46 163
73 76 124
124 26 73
175 95 73
138 193 40
132 183 172
124 11 198
40 60 108
113 63 125
189 53 24
195 170 122
55 52 155
50 137 139
49 165 6
125 48 119
66 76 156
162 13 74
158 7 22
199 148 192
71 65 164
36 16 22
19 51 198
124 0 32
124 36 79
143 164 170
54 190 6
127 50 128
57 88 159
114 125 32
146 77 199
2 154 175
75 136 105
193 19 176
24 92 40
59 139 101
141 72 192
98 65 102
52 9 192
155 193 3
13 100 23
98 35 126
55 33 147
199 60 178
152 183 120
130 180 144
30 127 52
65 163 17
29 26 67
53 69 166
189 72 86
162 191 96
154 178 11
124 82 99
141 53 75
6 185 72
156 190 171
80 39 161
145 66 116
53 165 10
45 167 20
91 121 40
15 196 107
