24024.426
150 150 15
34 156 171
75 53 153
16 158 167
77 149 56
171 23 19
176 91 55
168 32 1
94 23 139
136 139 73
173 199 19
124 75 97
22 52 170
35 95 76
150 183 10
148 112 42
137 110 199
170 69 157
31 100 94
127 57 109
76 19 90
93 63 108
67 119 158
6 137 82
152 193 71
97 122 184
74 149 193
36 48 129
121 130 133
105 46 131
170 18 70
116 11 61
74 128 43
15 77 8
172 44 14
172 0 21
164 175 67
79 136 71
196 198 90
180 9 156
13 142 174
187 178 113
64 180 15
89 150 0
80 72 38
68 37 84
23 37 151
111 62 179
13 103 34
120 129 96
186 63 126
112 99 186
160 10 169
187 112 154
104 175 163
155 185 152
122 160 188
89 174 168
24 151 60
77 129 33
40 135 6
41 164 32
46 30 122
41 123 46
153 6 8
5 128 177
95 176 186
52 151 177
188 19 91
157 4 101
46 7 98
102 50 38
65 75 125
94 160 95
42 34 190
180 146 23
129 16 196
158 190 31
191 36 61
60 167 157
145 182 195
197 49 45
72 3 177
148 26 126
145 190 146
119 76 149
65 50 175
131 135 199
69 183 151
133 159 136
59 72 26
39 29 37
127 150 149
150 106 30
34 167 35
148 121 118
95 38 109
58 196 61
92 198 25
147 157 190
125 194 189
172 129 189
17 106 133
198 187 138
113 82 42
90 69 69
64 115 69
161 71 6
18 57 55
53 107 155
73 62 74
58 50 13
48 40 54
0 0 22
6 185 181
112 70 99
123 87 113
101 199 140
113 149 12
17 196 130
121 63 17
33 97 156
78 32 40
146 62 0
131 8 157
168 110 152
170 54 122
37 85 39
55 150 42
76 159 42
68 64 30
19 35 167
168 156 170
17 71 146
47 105 28
199 191 170
180 153 170
80 33 103
59 109 73
108 91 145
69 193 157
1 121 179
161 54 152
125 61 49
35 77 80
82 125 123
65 11 119
132 85 193
95 90 176
81 38 111
104 35 26
146 172 80
83 3 159
129 27 163
110 66 97
31 166 101
68 128 70
160 168 17
158 146 69
95 180 68
56 174 158
92 1 42
72 179 197
87 152 62
36 72 157
198 50 183
117 26 67
170 190 137
172 196 155
192 195 144
51 90 93
22 84 70
45 40 106
193 28 28
45 95 177
78 169 57
62 191 144
169 32 86
169 50 189
73 189 138
3 72 18
112 176 105
117 71 0
42 12 181
79 124 125
94 196 119
95 161 19
188 101 54
69 36 17
42 66 185
80 45 186
136 85 86
30 59 133
11 93 179
165 29 168
171 108 35
170 169 70
110 169 151
175 132 149
196 108 100
150 150 15
