24853.735
156 23 80
192 101 161
120 117 17
40 15 123
56 151 137
7 152 97
69 148 25
114 134 55
157 79 113
144 131 73
173 5 199
29 199 4
71 188 172
181 86 178
134 35 79
198 94 180
137 135 199
174 181 22
178 165 70
118 157 176
174 23 172
138 46 38
173 6 72
181 148 150
61 19 119
116 173 56
25 187 51
14 6 104
95 153 32
193 79 189
185 86 36
171 119 49
136 85 169
190 38 145
26 175 64
45 190 16
136 187 82
80 174 164
181 53 101
61 46 54
155 64 14
75 191 17
137 130 6
154 190 61
20 116 32
69 80 141
113 158 183
74 197 72
123 86 46
167 174 56
96 33 57
73 152 150
71 138 164
175 101 135
113 172 28
128 97 68
36 199 195
161 173 180
54 128 99
25 153 23
106 165 17
192 124 67
159 180 71
130 131 181
171 101 165
142 50 2
163 139 14
116 87 128
38 18 131
87 133 93
175 61 163
156 178 21
152 118 11
196 127 2
55 58 112
117 120 164
80 123 115
34 130 52
33 192 37
155 170 168
8 79 134
43 95 0
30 130 26
8 182 76
38 64 86
48 175 21
28 29 17
14 150 165
20 128 166
123 44 67
18 155 130
134 68 80
78 32 199
87 164 175
33 124 183
52 108 5
94 81 113
122 5 142
188 15 152
48 145 88
12 6 166
165 96 108
25 85 184
119 75 104
159 166 36
199 176 30
114 107 53
136 142 27
35 67 51
69 23 65
62 191 151
113 18 129
193 35 176
164 86 58
118 21 104
148 136 40
58 153 152
146 145 56
182 195 93
59 98 93
45 18 186
83 16 73
199 185 53
18 11 94
51 45 39
143 12 81
176 59 27
35 21 36
1 67 44
107 28 83
152 98 3
4 153 105
30 140 171
194 9 77
97 150 172
92 144 25
126 74 104
113 17 145
159 192 89
88 185 93
50 141 172
148 115 11
52 111 114
153 134 97
102 194 11
96 185 5
14 141 181
29 101 92
44 126 142
167 100 35
141 55 59
144 14 46
128 179 41
32 52 146
19 113 133
26 96 173
135 151 49
63 75 93
24 157 28
15 13 13
137 65 199
155 23 140
69 91 172
130 95 151
179 103 194
101 161 47
100 135 23
118 123 67
182 178 194
85 126 170
33 4 106
66 139 30
124 13 38
166 67 3
162 123 155
185 115 150
99 98 103
188 52 28
30 63 149
119 92 26
101 138 134
182 21 6
159 65 16
187 144 119
43 47 8
14 119 130
119 136 65
23 186 35
64 69 43
160 165 116
191 119 88
28 43 62
159 109 164
144 93 116
78 20 97
159 22 118
146 188 101
30 101 39
195 70 169
189 165 126
156 23 80
