9730.614
34 16 90
27 11 100
32 20 107
38 33 103
26 47 100
30 54 98
8 53 78
8 40 83
18 37 88
12 23 100
16 16 93
8 7 94
7 10 129
13 6 136
27 0 135
31 33 137
42 62 129
55 61 113
59 83 115
47 91 87
56 83 84
61 74 77
55 79 54
68 64 34
80 82 28
64 86 24
54 91 36
42 111 31
49 133 21
47 142 5
34 135 30
32 156 34
36 151 45
41 147 49
43 140 49
55 140 45
60 165 57
71 175 55
95 186 58
108 198 81
77 189 79
63 190 79
53 188 85
49 194 79
45 193 87
36 188 96
30 196 106
17 199 124
3 196 119
5 198 142
17 188 159
20 174 139
9 161 150
5 148 143
6 127 148
11 140 139
11 153 123
6 163 113
9 168 119
21 164 111
24 165 102
22 159 102
23 151 110
22 117 111
25 110 132
41 119 130
37 133 122
44 135 134
57 124 152
58 103 155
77 106 155
80 119 151
79 118 137
67 120 117
87 137 116
105 148 115
116 154 104
105 159 108
100 167 122
102 190 120
99 182 147
89 188 169
100 173 180
115 199 196
117 182 186
114 181 163
118 187 153
135 199 164
143 198 162
142 195 169
151 193 164
170 198 160
186 198 171
187 193 188
198 169 156
197 164 162
182 162 160
162 169 161
170 186 172
160 190 186
143 164 195
156 147 181
163 152 180
173 148 182
171 124 195
161 109 185
166 97 175
166 104 161
179 92 163
195 81 153
189 89 133
199 94 113
196 121 122
177 114 124
188 121 142
198 123 145
199 120 164
198 128 167
173 133 162
177 142 170
173 149 161
176 149 146
179 145 126
185 171 121
164 165 117
160 175 138
155 181 144
147 189 130
143 196 100
152 187 63
164 190 43
185 195 65
193 179 69
192 149 57
196 148 46
174 151 53
174 146 47
177 132 43
184 109 53
180 114 70
183 114 75
197 119 75
191 102 79
179 85 73
167 64 72
155 69 68
148 94 57
147 116 43
141 137 34
138 144 16
154 163 8
180 161 12
192 156 3
189 153 25
166 135 10
193 127 5
180 117 7
177 113 3
174 100 15
171 105 37
185 95 30
193 78 31
194 63 36
167 66 23
175 71 4
189 57 7
175 37 4
174 32 8
199 8 1
181 8 18
180 2 31
198 27 46
199 42 53
197 50 68
190 27 88
193 31 92
195 28 113
190 8 126
186 6 130
184 10 140
175 38 126
161 31 118
164 25 103
145 13 100
135 1 101
138 0 89
117 8 66
111 9 64
92 2 54
84 3 30
71 21 9
45 4 24
27 1 15
22 2 3
0 12 6
5 6 14
1 0 33
4 37 22
9 54 31
24 57 42
34 67 42
12 81 41
1 84 23
25 92 17
34 75 23
40 64 7
46 57 12
45 66 25
51 53 33
43 33 20
37 24 41
49 4 64
40 5 63
29 0 71
44 6 75
53 17 85
73 28 53
68 47 48
82 59 61
83 80 67
96 69 70
116 54 85
120 47 77
127 36 84
123 37 96
125 45 106
107 58 112
101 69 96
96 75 116
86 89 131
84 89 132
89 83 155
99 88 159
91 88 166
92 80 184
87 78 197
72 88 197
65 105 196
82 101 198
82 100 182
68 96 176
42 104 176
35 105 167
30 85 160
33 68 167
25 77 195
14 98 196
16 104 177
7 116 170
6 140 186
38 128 183
51 126 176
60 125 189
61 130 189
51 151 191
43 149 193
46 164 179
43 175 172
53 178 184
60 158 177
76 158 184
100 150 192
87 138 192
81 141 182
66 136 180
82 125 170
84 125 185
98 120 191
115 103 188
114 93 197
147 86 193
184 87 197
162 46 198
142 26 189
138 10 185
129 12 181
115 4 189
108 27 192
86 48 190
75 18 198
54 4 172
59 20 162
60 7 154
77 4 155
91 4 158
85 2 117
111 0 116
113 18 109
124 15 132
122 8 156
107 15 155
95 19 161
84 35 163
84 46 162
51 54 166
28 50 175
17 45 188
16 36 199
23 17 192
12 21 184
10 42 148
6 53 158
2 71 146
1 83 117
20 87 100
14 85 75
0 93 61
8 97 46
4 100 45
3 95 37
17 109 39
2 123 43
16 133 40
24 126 34
16 128 22
6 141 23
9 168 26
8 199 0
17 188 6
27 182 8
37 183 18
27 188 23
24 188 41
38 168 52
29 158 66
15 158 67
20 175 62
18 177 75
32 195 65
43 198 63
44 196 59
59 185 28
55 169 9
64 161 9
59 157 11
58 155 18
66 148 32
91 139 13
72 130 1
86 115 7
83 111 9
80 98 14
97 106 0
114 102 12
129 80 24
142 90 20
155 86 5
156 95 25
164 77 40
167 59 51
148 54 44
134 60 42
137 60 23
134 61 16
117 66 0
110 81 4
96 80 2
93 72 6
86 63 22
94 62 45
106 59 21
112 50 34
120 41 54
103 37 44
86 31 44
105 25 38
93 17 22
97 28 16
106 28 3
132 21 4
140 18 3
144 19 9
129 18 17
147 25 49
169 29 45
175 9 62
168 4 70
157 40 82
180 40 98
189 49 93
190 51 97
193 64 107
178 59 96
175 56 100
170 61 110
166 60 111
160 48 117
138 39 143
123 39 125
113 30 133
116 34 142
110 53 148
123 39 165
117 35 172
143 38 176
151 35 167
159 5 163
180 5 184
197 7 188
188 29 191
179 45 173
177 35 158
194 39 159
184 58 158
188 67 157
172 68 142
164 78 160
147 81 167
137 93 149
151 74 149
144 67 135
143 77 135
142 80 115
155 76 116
164 83 109
156 85 100
155 100 90
157 113 103
144 112 129
125 116 131
123 92 128
104 100 118
101 103 115
122 100 93
111 106 80
96 105 87
90 122 83
86 129 90
87 146 85
95 136 64
91 144 58
112 148 61
108 132 65
114 127 43
124 148 32
117 166 27
119 169 22
95 190 5
92 171 16
87 175 23
86 167 30
104 177 37
113 173 41
131 182 36
139 159 46
141 150 55
142 149 60
134 147 65
140 134 70
162 136 73
172 138 78
175 150 74
177 149 90
161 154 97
145 147 112
136 129 97
123 149 124
148 146 128
148 141 140
161 143 139
156 149 142
144 151 152
126 146 163
141 121 160
128 117 153
105 124 147
101 146 158
100 146 170
85 150 157
62 152 145
81 158 136
90 165 138
82 167 145
67 174 153
62 188 133
58 199 122
65 198 126
78 180 120
90 168 94
89 168 84
71 165 86
59 152 105
43 143 101
41 152 90
41 154 84
41 140 80
61 139 62
71 112 54
90 114 63
83 94 72
82 88 79
83 83 86
82 74 88
68 62 100
82 52 106
84 45 118
64 45 113
54 32 125
53 38 108
39 20 93
34 16 90
