6002.050
99 11 160
164 48 12
21 27 3
23 179 36
33 90 85
129 37 184
63 33 8
189 28 59
128 125 95
138 53 133
175 34 30
135 86 37
192 194 42
172 168 21
44 170 53
68 182 140
141 6 66
100 22 167
138 44 170
125 89 127
187 39 10
160 118 6
37 135 81
15 111 6
38 143 169
0 156 196
38 123 91
125 154 150
86 149 110
99 194 89
77 2 103
31 13 25
132 197 4
140 166 166
9 115 89
82 103 71
11 2 136
153 30 93
84 0 145
167 22 71
113 33 151
56 41 180
168 167 45
58 128 85
146 179 103
75 124 91
148 46 59
120 93 196
198 20 21
123 59 33
99 11 160
